square_grid_sizes = [10, 15, 20, 25, 30, 35]
square_times = [0.05024290084838867, 0.18594121932983398, 0.4607560634613037, 1.0526552200317383, 1.5006041526794434, 2.873173236846924]
hexagonal_grid_sizes = [10, 15, 20, 25, 30, 35]
hexagonal_times = [0.04389333724975586, 0.11415910720825195, 0.2062363624572754, 0.4024322032928467, 0.41939592361450195, 0.5319008827209473]
